						抓力 Grip (g) 2026-08-31										体重 BW (g)				转棒 Rotarod 2026-08-28						平衡木 Balance Beam 2026-09-03 (s)			
笼号	编号	性别	毛色	出生日期	品系	max	1	2	3	4	5	6	7	8	9	10	08-26	08-31	09-02	09-04	第1次 rpm	第1次 s	第2次 rpm	第2次 s	第3次 rpm	第3次 s	12mm-1	12mm-2	6mm-1	6mm-2
1	1	Male	Brownish-grey / a	2026-07-20	B6SJL-SOD1G93A	107.5	107.5	106	78.9	105.7	91.5	104	106	104.2	98.3	59	22.14	22.56		23.26	40	300	40	300	40	300	5.19	4.63	6.87	13.69
1	2	Male	Brownish-grey / a	2026-07-20	B6SJL-SOD1G93A	108.5	81	91	79	99	52.3	102.5	108.5	100.2	95	54	21.55	22.43		22.18	40	300	40	300	40	300	6.29	6.16	11.96	14.62
1	3	Male	Brownish-grey / a	2026-07-20	B6SJL-SOD1G93A	121	106.2	109.5	98	63.7	67.7	71.7	121	112	116	67.4	24.31	24.66		25.1	40	300	40	300	40	300	5.47	6.12	11.56	14.22
1	4	Male	Brownish-grey / a	2026-07-20	B6SJL-SOD1G93A	113	82.7	108.7	77	78.2	113	93.7	91.5	60.3	81	35.4	21.16	22.13		22.68	40	300	40	300	40	300	9.13	6.97	11.91	12.38
1	5	Male	Brownish-grey / a	2026-07-20	B6SJL-SOD1G93A	109.5	102.5	109.5	73.1	39	47.5	59.5	93.7	36	79.2	103.7	20.23	21.17		21.27	40	300	40	300	40	300	4.43	3.25	6.75	12.84
2	6	Male	Brownish-grey / a	2026-07-20	B6SJL-SOD1G93A	107.5	107.5	35.7	106.5	67.7	29.5	56.3	92.5	84	69	53.7	20.9	21.54		20.88	40	300	40	300	40	300	4.66	12.28	15.03	14.09
2	7	Male	Brownish-grey / a	2026-07-20	B6SJL-SOD1G93A	109.3	71.7	35.7	49.5	70.7	109.2	101.5	62.3	55	58.3	109.3	21.94	23.19		23.83	40	300	40	300	40	300	4.22	3.38	8.19	14.97
2	8	Male	Brownish-grey / a	2026-07-20	B6SJL-SOD1G93A	104.5	104.5	55.2	35.2	51.5	70	53.2	47.5	58.5	57.2	33.9	18.33	19.43		20.51	40	300	40	300	40	300	7.87	4.66	12.9	12.66
2	9	Male	Brownish-grey / a	2026-07-20	B6SJL-SOD1G93A	115	99	115	75.7	76.1	55.1	96.7	72.3	35.1	47.6	108.7	19.87	20.25		20.15	40	300	40	300	40	300	5.16	7.34	6.97	8.97
2	10	Male	Brownish-grey / a	2026-07-20	B6SJL-SOD1G93A	109.5	109.5	107.9	35.2	39.7	75.5	73.2	55.4	107.2	82.3	62.7	22.43	22.92		22.69	40	300	40	300	40	300	5.87	10.44	16.13	12.21
3	11	Male	Brownish-grey / a	2026-07-20	B6SJL-SOD1G93A	109.5	109.5	61.7	57.3	91.5	42.5	69	29.5	44	79.4	56.5	20.35	21.83		22.08	40	300	36	275	40	300	5.09	3.41	10.19	19.51
3	12	Male	Brownish-grey / a	2026-07-20	B6SJL-SOD1G93A	113	107.3	48	66	113	99.7	106.7	63.5	103.5	54	79.3	22.07	22.55		22.98	40	300	40	300	40	300	9.47	9.75	23.22	16.94
3	13	Male	Brownish-grey / a	2026-07-20	B6SJL-SOD1G93A	110	77	110	105	78.7	102.5	101.5	102.5	105	85.3	102.7	20.23	21.73		22.04	40	300	40	300	40	300	3.87	2.65	10.47	20.47
3	14	Male	Brownish-grey / a	2026-07-20	B6SJL-SOD1G93A	102	39.5	49.2	102	55	87	77	50.2	32.7	29.5	44.5	17.9	19.37		19.76	40	300	40	300	40	300	2.69	2.22	7.19	14.09
3	15	Male	Brownish-grey / a	2026-07-20	B6SJL-SOD1G93A	118	107.7	103.7	76.5	95	78.7	84	106	59	118	105	19.97	20.17		20.79	29	219	20	145	34	261	3.37	2.72	4.53	12.25
4	16	Male	Brownish-grey / a	2026-07-20	B6SJL-SOD1G93A	97.4	33.7	32.8	97.4	66	62	77	61.2	37	33.5	83.5	18.4	19.86		20.26	40	300	30	226	40	300	3.97	3.06	6.06	9.59
4	17	Male	Brownish-grey / a	2026-07-20	B6SJL-SOD1G93A	107.7	50.2	102.3	93.7	93.2	90.3	107.7	67.5	70.7	62.7	46.8	18.87	19.61		20.71	36	273	38	289	40	300	5.68	5.62	24.81	18.65
4	18	Male	Brownish-grey / a	2026-07-20	B6SJL-SOD1G93A	73	69.5	35.5	51.5	29	25.5	33	59.5	73	68.2	43.5	19.86	20.9		21.66	38	288	33	247	40	300	4.81	7.25	16.62	15.4
4	19	Male	Brownish-grey / a	2026-07-20	B6SJL-SOD1G93A	91.5	91.5	35.1	57.3	32.5	34.7	48	72.5	45.7	47.5	58	19.94	21.62		22.34	40	300	40	300	40	300	5.66	7.03	12.71	11.31
4	20	Male	Brownish-grey / a	2026-07-20	B6SJL-SOD1G93A	105.5	61.2	32.5	80	105.5	37.5	66.3	53.2	45	67.3	53.7	19.03	20.49		21.29	40	300	40	300	40	300	8.25	10.25	15.28	14.09
5	21	Male	Brownish-grey / a	2026-07-20	B6SJL-SOD1G93A	107.7	107.7	103.7	44.7	64.5	105.7	105.3	77.4	62	104.7	72.5	19.9	20.95		21.8	40	300	40	300	40	300	8.03	5.59	11.28	11.75
5	22	Male	Brownish-grey / a	2026-07-20	B6SJL-SOD1G93A	112.5	81.7	103.5	81	102	103.7	112.5	92	34	109.2	47.5	22.81	23.34		23.44	40	300	40	300	40	300	7.25	8.87	13.51	10.72
5	23	Male	Brownish-grey / a	2026-07-20	B6SJL-SOD1G93A	113.5	109.5	60.7	72.5	96.2	88	33	65.5	113.5	66.3	97.4	22.3	23.34		22.88	40	300	40	300	40	300	5.79	6.12	10.12	13.87
5	24	Male	Brownish-grey / a	2026-07-20	B6SJL-SOD1G93A	125	125	76.5	70.7	109	58	102	56.3	33.5	54.5	47.2	23.64	24.51		25.55	40	300	40	300	40	300	3.72	3.4	6.47	8.04
5	25	Male	Brownish-grey / a	2026-07-20	B6SJL-SOD1G93A	118.7	109.2	104.7	64.2	53.2	44.5	47.5	118.7	79.5	33	57.7	20.95	22.25		22.95	40	300	40	300	40	300	4.97	7.22	21.75	17.41
6	26	Male	Brownish-grey / a	2026-07-20	B6SJL-SOD1G93A	105.5	65.5	72.5	101.2	60.2	103.3	105.5	97.3	33.7	103	68.5	18.03	18.82		18.53	40	300	40	300	40	300	4.25	7.47	7.25	10.87
6	27	Male	Brownish-grey / a	2026-07-20	B6SJL-SOD1G93A	109.5	47.5	81	108	81.7	94.5	108.7	80	109.5	56.7	67.2	20.57	21.38		21.6	40	300	21	148	40	300	6.03	8.47	12.31	14.16
6	28	Male	Brownish-grey / a	2026-07-20	B6SJL-SOD1G93A	104.5	42.7	104.5	100	101.2	82.7	42.5	104.2	70.7	43.5	42.5	18.52	19.83		20.29	40	300	40	300	40	300	5.34	7.44	7.88	10.91
6	29	Male	Brownish-grey / a	2026-07-20	B6SJL-SOD1G93A	110	109	106	60.7	58	110	46.5	45.4	65.7	42.5	41.7	20.36	21.66		22.17	40	300	40	300	40	300	4.94	3.63	5.13	13.85
6	30	Male	Brownish-grey / a	2026-07-20	B6SJL-SOD1G93A	114.3	108	73.5	79.2	114.3	104.2	102.7	109.7	109	106.5	109.2	22.44	22.79		23.39	40	300	40	300	40	300	2.44	2.53	11.28	10.53
7	31	Male	Brownish-grey / a	2026-07-20	B6SJL-SOD1G93A	108.7	79.2	46.7	101	68.2	78.3	49.4	74	70.5	74	108.7	19.79	20.7		22.37	40	300	38	294	40	300	8	11.07	13.12	18.03
7	32	Male	Brownish-grey / a	2026-07-20	B6SJL-SOD1G93A	120	103.5	109	58.2	103	104.7	98.4	106	111	120	87.7	22.17	22.73		22.68	40	300	40	300	40	300	3.38	4.12	6.97	9.72
7	33	Male	Brownish-grey / a	2026-07-20	B6SJL-SOD1G93A	106	39.2	102	48.2	37	52	55.5	56.7	41.7	106	77.2	21.24	22.14		21.92	38	290	40	300	40	300	6.38	13.24	10.72	13.75
7	34	Male	Brownish-grey / a	2026-07-20	B6SJL-SOD1G93A	113	101.7	113	47.5	86.3	59	60.7	48.7	109.2	100.3	47.5	22.68	24.47		24.88	27	204	33	249	40	300	5	6	6.87	9.78
7	35	Male	Brownish-grey / a	2026-07-20	B6SJL-SOD1G93A	108.7	44.3	107.4	106	91.5	108.7	44.3	49.4	93.2	107.3	92.7	24.31	24.82		25.2	39	297	40	300	40	300	3.43	6.75	13.09	16.62
8	36	Male	Brownish-grey / a	2026-07-20	B6SJL-SOD1G93A	117.5	67.2	104.5	117.5	100.2	94.7	42.8	102.5	63	55	109.2	21.07	22.19		22.96	40	300	40	300	40	300	4.31	3.63	8.88	12.97
8	37	Male	Brownish-grey / a	2026-07-20	B6SJL-SOD1G93A	110.7	45	93.7	65.5	92	75.3	107.7	96.3	103.2	110.7	106.7	19.82	21.37		21.62	40	300	40	300	40	300	4.5	4.91	7.93	17.38
8	38	Male	Brownish-grey / a	2026-07-20	B6SJL-SOD1G93A	80.5	80.5	74	77.7	62	58	65.5	44.3	38.4	41.5	45.7	20.38	21.64		22.25	40	300	40	300	40	300	4.18	8.75	14	13.81
8	39	Male	Brownish-grey / a	2026-07-20	B6SJL-SOD1G93A	108.3	47.1	75.3	101.7	108	57	106	55	76.3	73.5	108.3	19.77	20.53		21.23	40	300	40	300	40	300	3.6	3.25	8.53	14.5
8	40	Male	Brownish-grey / a	2026-07-20	B6SJL-SOD1G93A	122.5	70	104.7	122.5	71.5	103	102.7	65.5	58	101.5	91.3	19.42	20.62		20.91	40	300	40	300	40	300	3.43	4.68	12.91	15.66
9	41	Male	Brownish-grey / a	2026-07-20	B6SJL-SOD1G93A	106.7	83.5	65.5	77	103	78.7	106.5	37.8	106.7	74	85.2	23.16	23.81		24.26	33	253	16	111	32	244	6.91	6.12	8.94	13.41
9	42	Male	Brownish-grey / a	2026-07-20	B6SJL-SOD1G93A	102.5	77.5	102.5	40	100.7	73	90.4	73.5	62.5	31.5	41.5	22.41	22.62		23.34	27	199	30	223	40	300	7.93	8.44	13.44	15.35
9	43	Male	Brownish-grey / a	2026-07-20	B6SJL-SOD1G93A	113	35.7	107.5	107.7	104	113	85.4	69.5	103.7	97.3	87.5	20.05	21.4		20.91	37	281	40	300	23	164	4.72	6.25	12.06	12.91
9	44	Male	Brownish-grey / a	2026-07-20	B6SJL-SOD1G93A	107.3	80.5	76.5	107.3	103	101.5	75	74	62	59.5	43.5	25.45	26.23		26.9	28	208	40	300	40	300	4.47	3.78	10.81	12.25
9	45	Male	Brownish-grey / a	2026-07-20	B6SJL-SOD1G93A	107.3	36.5	60.7	37.2	104.5	106.5	107.3	105.5	62	104.7	99	21.98	21.82		22.24	35	271	40	300	40	300	3.75	4.28	14.34	10.1
10	46	Male	Brownish-grey / a	2026-07-20	B6SJL-SOD1G93A	123.5	120	123.5	86.4	75.7	78.2	73.5	38	111.7	88.3	57.2	19.49	20.65		20.96	40	300	40	300	40	300	3.41	3.4	5.34	15.1
10	47	Male	Brownish-grey / a	2026-07-20	B6SJL-SOD1G93A	116.5	116.5	48.5	95.3	104.2	105.2	58	47.5	107	86.3	49.7	24.55	24.76		25.09	40	300	40	300	40	300	5.75	5.51	10.62	12.31
10	48	Male	Brownish-grey / a	2026-07-20	B6SJL-SOD1G93A	107.3	104.5	107.3	69	24	63	47.1	94.5	40	37.2	85.7	20.35	20.9		21.48	38	292	36	278	40	300	9.21	6.88	12.28	12.66
10	49	Male	Brownish-grey / a	2026-07-20	B6SJL-SOD1G93A	109.7	109.7	107.7	101.1	106	103.7	55.7	90.3	85.4	85.3	50.5	20.62	22.14		22.31	40	300	40	300	40	300	3.94	7.19	10.43	17.96
10	50	Male	Brownish-grey / a	2026-07-20	B6SJL-SOD1G93A	109.5	58.5	96.3	64.7	109.5	77.5	69	108.2	99	101.7	108	21.48	22.31		22.45	40	300	37	284	34	258	4.66	4.91	6.66	13.5
11	51	Male	Brownish-grey / a	2026-07-20	B6SJL-SOD1G93A	104.5	104.2	104.3	38.3	60.8	104.5	104	86	92.5	102.5	76.7	18.63	20.76		21.77	40	300	40	300	40	300	8.66	11.34	13.97	12.79
11	52	Male	Brownish-grey / a	2026-07-20	B6SJL-SOD1G93A	118.5	73.5	66	56.3	75.2	42.3	118.5	41.7	55.5	80	51	19.49	19.87		21.13	40	300	40	300	40	300	4.82	3.87	10.78	9.78
11	53	Male	Brownish-grey / a	2026-07-20	B6SJL-SOD1G93A	112.5	76.5	70	92	69	66.5	95.5	112.5	42.3	69	47.2	19.29	19.83		19.97	40	300	40	300	40	300	4.94	7.65	10.28	11.66
11	54	Male	Brownish-grey / a	2026-07-20	B6SJL-SOD1G93A	101.5	101.5	70.7	77.1	67.3	61.3	59.5	48.7	55.1	47.5	66.5	18.43	19.42		19.16	40	300	40	300	40	300	6.41	6.84	13.75	16.85
11	55	Male	Brownish-grey / a	2026-07-20	B6SJL-SOD1G93A	105.2	105.2	57.3	63.7	47.2	33.1	60.7	34.4	77.5	77.4	52.8	18.08	20.11		21.09	40	300	40	300	40	300	5	4.22	8.85	8.78
12	56	Male	Brownish-grey / a	2026-07-20	B6SJL-SOD1G93A	115.2	31.2	91.5	77.5	108	90.2	115.2	114.2	100.2	74	104.3	22.16	22.91		23.34	40	300	40	300	40	300	4.59	3.84	7.69	8.22
12	57	Male	Brownish-grey / a	2026-07-20	B6SJL-SOD1G93A	99.7	60.7	99.7	69	77	64.3	58.5	82.3	39.4	53.2	57.3	21.48	22.86		23.24	40	300	40	300	40	300	6.78	5.16	9.37	9.15
12	58	Male	Brownish-grey / a	2026-07-20	B6SJL-SOD1G93A	101.5	70	73	85.2	98	47.8	83	45.7	58.7	101.5	66.3	21.43	22.58		22.99	40	300	40	300	40	300	4.15	3.15	8.22	14.5
12	59	Male	Brownish-grey / a	2026-07-20	B6SJL-SOD1G93A	118.3	111.7	118.3	108.7	107.3	64.4	37.8	37.7	66.5	107.4	72.4	21.32	21.55		21.49	40	300	40	300	40	300	2.75	6.75	20.82	11.25
12	60	Male	Brownish-grey / a	2026-07-20	B6SJL-SOD1G93A	98.5	65.5	66	71	85	92.7	63.8	87.4	98.5	66.3	69	19.65	20.6		20.85	40	300	40	300	40	300	3.25	3.63	9.19	7.72
13	61	Male	Brownish-grey / a	2026-07-20	B6SJL-SOD1G93A	101.3	71.4	76.8	87	43.2	79.4	68.3	55	101.3	72.4	26.7	17.54	19.56		23.74	10	61	16	110	26	189	5.53	10.15	16.94	14.53
13	62	Male	Brownish-grey / a	2026-07-20	B6SJL-SOD1G93A	105.7	35.4	44.5	63.7	49.3	67.5	40	105.7	104.2	77.3	49.5	18.59	19.78		22.22	38	292	40	300	31	233	10.69	10.87	11.94	13.91
13	63	Male	Brownish-grey / a	2026-07-20	B6SJL-SOD1G93A	102.4	80.5	66.3	102.4	43.5	59	83.4	37.4	56.8	77.4	39.4	23.73	25.36		25.47	40	300	40	300	40	300	6.96	10.63	9.41	11.12
13	64	Male	Brownish-grey / a	2026-07-20	B6SJL-SOD1G93A	114.3	67.4	81.9	109.21	105	114.3	48.4	101.3	69.2	87.4	85.2	22.06	22.76		23.22	40	300	40	300	40	300	4.22	4.22	6.97	12.28
13	65	Male	Brownish-grey / a	2026-07-20	B6SJL-SOD1G93A	79.5	42.4	48.3	76.7	73.2	22.3	23.7	69.2	66	79.5	44.3	19.27	20.63		20.78	40	300	40	300	40	300	9.5	12.82	17	12.47
14	66	Male	Brownish-grey / a	2026-07-20	B6SJL-SOD1G93A	106.2	105	48.3	43.5	74	65	103.7	71	106.2	32.1	29.4	21.14	22.26		22.22	34	259	40	300	40	300	7.02	5.19	10.88	11.82
14	67	Male	Brownish-grey / a	2026-07-20	B6SJL-SOD1G93A	104.2	92	103.2	93.9	104.2	37	97.3	63.2	85.4	96.1	94.3	20.76	21.99		22.93	40	300	40	300	40	300	5.06	5.62	11.72	13.06
14	68	Male	Brownish-grey / a	2026-07-20	B6SJL-SOD1G93A	150.7	150.7	115.3	75.3	104.5	78.7	121.3	98.1	93.7	91.3	51.4	21	21.65		22.23	40	300	40	300	40	300	9.15	7.62	10.46	13.09
14	69	Male	Brownish-grey / a	2026-07-20	B6SJL-SOD1G93A	97.5	43	97.5	41.3	52.7	39.2	44.7	68.2	44	32.5	29.3	21.45	21.95		22.67	40	300	39	298	40	300	5.01	6.12	8.81	14.52
14	70	Male	Brownish-grey / a	2026-07-20	B6SJL-SOD1G93A	104.7	85.4	95	72	48.4	64.3	27.8	31.4	47.5	104.7	85.4	20.79	21.61		22.68	25	186	40	300	40	300	4.69	3.16	5.5	12.75
15	71	Male	Solid Black / A	2026-07-20	B6SJL-SOD1G93A	108	48.7	77.7	108	34	42.5	47.5	64.7	47	65	108	21.25	23.25		23.61	40	300	35	264	40	300	3.88	8.53	8.85	13.85
15	72	Male	Solid Black / A	2026-07-20	B6SJL-SOD1G93A	127.5	56	55.5	85.3	108	55.1	63.7	109.5	107.3	127.5	78.3	20.33	21.37		21.67	33	253	38	291	40	300	8.97	8.29	15.88	19.31
15	73	Male	Solid Black / A	2026-07-20	B6SJL-SOD1G93A	94.3	48	77.7	35.2	41.3	44.8	94.3	28.8	63.5	81	75.3	20.19	21.32		22.38	40	300	40	300	40	300	4.78	3.97	10.6	13
15	74	Male	Solid Black / A	2026-07-20	B6SJL-SOD1G93A	137	115	137	58.3	102	39.4	47	48.7	64.3	106	45.7	25.56	27.12		27.41	40	300	23	164	31	236	6.94	6.75	14.32	12.19
15	75	Male	Solid Black / A	2026-07-20	B6SJL-SOD1G93A	132.5	132.5	46.8	50	49.5	44.5	66.3	69	37.3	48	48	19	20.52		21.54	40	300	40	300	40	300	3.78	4.78	9.94	16.94
16	76	Male	Solid Black / A	2026-07-20	B6SJL-SOD1G93A	79.5	27.5	79.5	41.3	37.2	42.3	44.7	48.5	61.3	38.5	46.7	20.67	22.28		23.37	40	300	40	300	40	300	5.18	7.41	16.63	12.47
16	77	Male	Solid Black / A	2026-07-20	B6SJL-SOD1G93A	104.7	101.5	104.7	59.5	47.25	46.7	51	34	32	32.2	11.3	21.46	23.02		23.7	40	300	40	300	40	300	6.75	4.65	10.15	12.44
16	78	Male	Solid Black / A	2026-07-20	B6SJL-SOD1G93A	104.3	31.7	48.3	27.4	104.3	77.7	42.5	52.2	34	29	43.8	18.52	20.26		20.34	40	300	40	300	40	300	8.28	9.72	14.6	13.12
17	79	Male	Brownish-grey / a	2026-07-20	WT	71.4	40.8	30.6	30.6	51	39.78	40.8	30.6	71.4	51	51		24.32		24.92							9.43	7.29	13.35	13.74
18	80	Male	Brownish-grey / a	2026-07-20	WT														21.09	21.84							5.81	9.47	15.25	11.44
18	81	Male	Brownish-grey / a	2026-07-20	WT														21.74	23.28							3.13	2.94	4.29	4.65
18	82	Male	Brownish-grey / a	2026-07-20	WT														23.02	22.94							7.13	10.62	11.72	12.18
18	83	Male	Brownish-grey / a	2026-07-20	WT														18.62	20.47							11.79	19.25	20.16	17.91
18	84	Male	Brownish-grey / a	2026-07-20	WT														22.02	22.72							8.81	8.34	12.91	13.72
19	85	Male	Brownish-grey / a	2026-07-20	WT														22.51	24.03							6.56	7.96	13.15	13.5
19	86	Male	Brownish-grey / a	2026-07-20	WT														22.32	24.03							12.51	7.75	10.97	15.52
19	87	Male	Brownish-grey / a	2026-07-20	WT														23.99	25.62							3.31	5.75	10.44	16.75
19	88	Male	Brownish-grey / a	2026-07-20	WT														23.9	25.36							6.91	6.31	11.44	13.97
19	89	Male	Brownish-grey / a	2026-07-20	WT														21.01	23.06							5.72	8.72	11.03	7.57
20	90	Male	Brownish-grey / a	2026-07-20	WT														20.83	21.22							13.94	17.16	18.37	22.53
